camera_matrix:
  cols: 3
  data: [491.44183879549473, 0.0, 510.80752792277906, 0.0, 491.3156479023836, 398.3808496386313,
    0.0, 0.0, 1.0]
  rows: 3
camera_name: narrow_stereo
distortion_coefficients:
  cols: 5
  data: [-0.17460596784550642, 0.04024877451878959, -0.00029635709542087137, 0.0005074044436308902,
    0.0]
  rows: 1
image_height: 772
image_width: 1032
projection_matrix:
  cols: 4
  data: [404.2301703154694, 0.0, 511.29516609614416, 0.0, 0.0, 436.30709449984204,
    401.09458075777576, 0.0, 0.0, 0.0, 1.0, 0.0]
  rows: 3
rectification_matrix:
  cols: 3
  data: [1.0, 0.0, 0.0, 0.0, 1.0, 0.0, 0.0, 0.0, 1.0]
  rows: 3
