camera_matrix:
  cols: 3
  data: [481.2711592506876, 0.0, 500.49407852417886, 0.0, 483.878709593237, 394.8926911351649,
    0.0, 0.0, 1.0]
  rows: 3
camera_name: narrow_stereo
distortion_coefficients:
  cols: 5
  data: [-0.1838880366937478, 0.0414261480563378, -0.0004613942689854987, -1.7245465433003243e-05,
    0.0]
  rows: 1
image_height: 772
image_width: 1032
projection_matrix:
  cols: 4
  data: [390.36216392525404, 0.0, 501.5184983787857, 0.0, 0.0, 423.9163629497691,
    396.79144929401036, 0.0, 0.0, 0.0, 1.0, 0.0]
  rows: 3
rectification_matrix:
  cols: 3
  data: [1.0, 0.0, 0.0, 0.0, 1.0, 0.0, 0.0, 0.0, 1.0]
  rows: 3
