camera_matrix:
  cols: 3
  data: [246.22930174889612, 0.0, 259.3378187577498, 0.0, 246.05824454369227, 191.648815593865,
    0.0, 0.0, 1.0]
  rows: 3
camera_name: narrow_stereo
distortion:
  cols: 1
  data: [-0.1722066950641195, 0.03759958412159066, -0.0005608550301151086, -0.0010161341030400107,
    0.0]
  rows: 5
distortion_model: ''
image_height: 384
image_width: 516
projection:
  cols: 4
  data: [201.7392840408374, 0.0, 258.2714135271435, 0.0, 0.0, 219.09306620840135,
    191.2920466170667, 0.0, 0.0, 0.0, 1.0, 0.0]
  rows: 3
rectification:
  cols: 3
  data: [1.0, 0.0, 0.0, 0.0, 1.0, 0.0, 0.0, 0.0, 1.0]
  rows: 3
