camera_matrix:
  cols: 3
  data: [239.32619247514575, 0.0, 250.04997549506953, 0.0, 239.78061742116407, 192.55847975635115,
    0.0, 0.0, 1.0]
  rows: 3
camera_name: narrow_stereo
distortion_coefficients:
  cols: 5
  data: [-0.177668025800577, 0.03609901160433956, 0.001214044129233771, -0.002691534060574684,
    0.0]
  rows: 1
image_height: 384
image_width: 516
projection_matrix:
  cols: 4
  data: [190.98402501594651, 0.0, 244.48373758161165, 0.0, 0.0, 210.3034003645176,
    193.79077239470436, 0.0, 0.0, 0.0, 1.0, 0.0]
  rows: 3
rectification_matrix:
  cols: 3
  data: [1.0, 0.0, 0.0, 0.0, 1.0, 0.0, 0.0, 0.0, 1.0]
  rows: 3
