camera_matrix:
  cols: 3
  data: [1663.8331697110013, 0.0, 525.4098181244119, 0.0, 1663.9487667625108, 355.6955247178045,
    0.0, 0.0, 1.0]
  rows: 3
camera_name: narrow_stereo
distortion:
  cols: 1
  data: [-0.23327490111197274, 0.1518315317025777, -0.001414013297227002, -0.0008808324701090731,
    0.0]
  rows: 5
distortion_model: ''
image_height: 772
image_width: 1032
projection:
  cols: 4
  data: [1625.5933837890625, 0.0, 524.8480950240992, 0.0, 0.0, 1640.5169677734375,
    354.09279524424164, 0.0, 0.0, 0.0, 1.0, 0.0]
  rows: 3
rectification:
  cols: 3
  data: [1.0, 0.0, 0.0, 0.0, 1.0, 0.0, 0.0, 0.0, 1.0]
  rows: 3
