camera_matrix:
  cols: 3
  data: [489.4954758827593, 0.0, 524.1381208529583, 0.0, 491.1369853462732, 389.8785618548998,
    0.0, 0.0, 1.0]
  rows: 3
camera_name: narrow_stereo
distortion_coefficients:
  cols: 5
  data: [-0.19092980967601314, 0.044423310293300884, 0.0025727602556033986, 0.004460842127001686,
    0.0]
  rows: 1
image_height: 772
image_width: 1032
projection_matrix:
  cols: 4
  data: [396.2903968131934, 0.0, 534.4718891339916, 0.0, 0.0, 429.3931251417608, 395.0155716104012,
    0.0, 0.0, 0.0, 1.0, 0.0]
  rows: 3
rectification_matrix:
  cols: 3
  data: [1.0, 0.0, 0.0, 0.0, 1.0, 0.0, 0.0, 0.0, 1.0]
  rows: 3
