camera_matrix:
  cols: 3
  data: [250.190446839803, 0.0, 253.78115892087735, 0.0, 249.79981533760449, 199.01905705132944,
    0.0, 0.0, 1.0]
  rows: 3
camera_name: narrow_stereo
distortion:
  cols: 1
  data: [-0.17513891507357907, 0.040496815307779224, -0.0009191265482021485, 0.000674761892502729,
    0.0]
  rows: 5
distortion_model: ''
image_height: 384
image_width: 516
projection:
  cols: 4
  data: [206.60885859150105, 0.0, 253.897942450252, 0.0, 0.0, 223.01142420686088,
    200.15651416152815, 0.0, 0.0, 0.0, 1.0, 0.0]
  rows: 3
rectification:
  cols: 3
  data: [1.0, 0.0, 0.0, 0.0, 1.0, 0.0, 0.0, 0.0, 1.0]
  rows: 3
