camera_matrix:
  cols: 3
  data: [500.1835736539792, 0.0, 505.47268016218766, 0.0, 501.15014244804485, 377.8339805843202,
    0.0, 0.0, 1.0]
  rows: 3
camera_name: narrow_stereo
distortion_coefficients:
  cols: 5
  data: [-0.16995847951690746, 0.0436096243564801, 0.0008189780252756698, 0.0001886350878588572,
    0.0]
  rows: 1
image_height: 772
image_width: 1032
projection_matrix:
  cols: 4
  data: [422.95694290370886, 0.0, 505.49804890710186, 0.0, 0.0, 450.49573096341805,
    377.32359558178024, 0.0, 0.0, 0.0, 1.0, 0.0]
  rows: 3
rectification_matrix:
  cols: 3
  data: [1.0, 0.0, 0.0, 0.0, 1.0, 0.0, 0.0, 0.0, 1.0]
  rows: 3
