camera_matrix:
  cols: 3
  data: [831.0344733866464, 0.0, 272.4739305051878, 0.0, 830.6441763721009, 193.43202289917159,
    0.0, 0.0, 1.0]
  rows: 3
camera_name: narrow_stereo
distortion:
  cols: 1
  data: [-0.2524498711705667, 0.2627684390539927, -0.0005914646999371375, -0.0009507277040108096,
    0.0]
  rows: 5
distortion_model: ''
image_height: 384
image_width: 516
projection:
  cols: 4
  data: [812.0934542449359, 0.0, 272.86471574336485, 0.0, 0.0, 819.823652411828, 193.39837402106517,
    0.0, 0.0, 0.0, 1.0, 0.0]
  rows: 3
rectification:
  cols: 3
  data: [1.0, 0.0, 0.0, 0.0, 1.0, 0.0, 0.0, 0.0, 1.0]
  rows: 3
