camera_matrix:
  cols: 3
  data: [248.19958390235618, 0.0, 260.27634493032537, 0.0, 248.27969006511162, 194.28802453301708,
    0.0, 0.0, 1.0]
  rows: 3
camera_name: narrow_stereo
distortion_coefficients:
  cols: 5
  data: [-0.19109508486680665, 0.04615610698172458, 0.001152565039039608, 0.0009770519353754534,
    0.0]
  rows: 1
image_height: 384
image_width: 516
projection_matrix:
  cols: 4
  data: [201.93634122662664, 0.0, 261.3520516725161, 0.0, 0.0, 218.54794119040778,
    195.85771053880617, 0.0, 0.0, 0.0, 1.0, 0.0]
  rows: 3
rectification_matrix:
  cols: 3
  data: [1.0, 0.0, 0.0, 0.0, 1.0, 0.0, 0.0, 0.0, 1.0]
  rows: 3
