camera_matrix:
  cols: 3
  data: [484.97318975338897, 0.0, 505.2688643760763, 0.0, 486.7675151161788, 388.5569212348321,
    0.0, 0.0, 1.0]
  rows: 3
camera_name: narrow_stereo
distortion_coefficients:
  cols: 5
  data: [-0.17912997848432663, 0.04322640807244478, 0.00017734874871343047, 0.0014128641912533578,
    0.0]
  rows: 1
image_height: 772
image_width: 1032
projection_matrix:
  cols: 4
  data: [400.513230223982, 0.0, 509.9742157172332, 0.0, 0.0, 430.351691556998, 389.5752246708487,
    0.0, 0.0, 0.0, 1.0, 0.0]
  rows: 3
rectification_matrix:
  cols: 3
  data: [1.0, 0.0, 0.0, 0.0, 1.0, 0.0, 0.0, 0.0, 1.0]
  rows: 3
