camera_matrix:
  cols: 3
  data: [251.93199990863874, 0.0, 260.8292651835759, 0.0, 251.95857541820425, 193.59615235280032,
    0.0, 0.0, 1.0]
  rows: 3
camera_name: narrow_stereo
distortion_coefficients:
  cols: 5
  data: [-0.18970459803681142, 0.042136933737779825, -0.0031398535523306536, -0.0020516893098675025,
    0.0]
  rows: 1
image_height: 384
image_width: 516
projection_matrix:
  cols: 4
  data: [202.44017939459266, 0.0, 258.56092597692174, 0.0, 0.0, 222.37815320721413,
    191.931788407836, 0.0, 0.0, 0.0, 1.0, 0.0]
  rows: 3
rectification_matrix:
  cols: 3
  data: [1.0, 0.0, 0.0, 0.0, 1.0, 0.0, 0.0, 0.0, 1.0]
  rows: 3
