camera_matrix:
  cols: 3
  data: [508.7393463882652, 0.0, 512.9631350997879, 0.0, 508.8302808220153, 389.0092230680361,
    0.0, 0.0, 1.0]
  rows: 3
camera_name: narrow_stereo
distortion_coefficients:
  cols: 5
  data: [-0.17400044399952538, 0.04404696141918737, 0.0004621820253125189, 0.002072282553468054,
    0.0]
  rows: 1
image_height: 772
image_width: 1032
projection_matrix:
  cols: 4
  data: [427.34628105738375, 0.0, 517.9491434963504, 0.0, 0.0, 457.2006063082241,
    390.36751054331825, 0.0, 0.0, 0.0, 1.0, 0.0]
  rows: 3
rectification_matrix:
  cols: 3
  data: [1.0, 0.0, 0.0, 0.0, 1.0, 0.0, 0.0, 0.0, 1.0]
  rows: 3
