camera_matrix:
  cols: 3
  data: [249.6918002633213, 0.0, 260.4798634081818, 0.0, 250.10741579188723, 193.1699690250926,
    0.0, 0.0, 1.0]
  rows: 3
camera_name: narrow_stereo
distortion_coefficients:
  cols: 5
  data: [-0.18349206120783795, 0.04691717739109973, 0.0006046162839624254, 0.0007024011368042641,
    0.0]
  rows: 1
image_height: 384
image_width: 516
projection_matrix:
  cols: 4
  data: [207.43723548929444, 0.0, 261.1648399729033, 0.0, 0.0, 222.53562546938824,
    193.9746015382476, 0.0, 0.0, 0.0, 1.0, 0.0]
  rows: 3
rectification_matrix:
  cols: 3
  data: [1.0, 0.0, 0.0, 0.0, 1.0, 0.0, 0.0, 0.0, 1.0]
  rows: 3
