camera_matrix:
  cols: 3
  data: [252.01510559674963, 0.0, 252.6148834109468, 0.0, 252.10885824992744, 190.41993510034237,
    0.0, 0.0, 1.0]
  rows: 3
camera_name: narrow_stereo
distortion:
  cols: 1
  data: [-0.17706244533878937, 0.044778307159792044, -0.00016002883577185016, -0.0003717666439646216,
    0.0]
  rows: 5
distortion_model: ''
image_height: 384
image_width: 516
projection:
  cols: 4
  data: [210.59217551562224, 0.0, 251.29803877756143, 0.0, 0.0, 225.82942377873937,
    190.07553073018286, 0.0, 0.0, 0.0, 1.0, 0.0]
  rows: 3
rectification:
  cols: 3
  data: [1.0, 0.0, 0.0, 0.0, 1.0, 0.0, 0.0, 0.0, 1.0]
  rows: 3
