camera_matrix:
  cols: 3
  data: [885.4456874262236, 0.0, 272.5941691604145, 0.0, 884.2733412910945, 188.6284425757264,
    0.0, 0.0, 1.0]
  rows: 3
camera_name: narrow_stereo
distortion:
  cols: 1
  data: [-0.25286297655534345, 0.05943606660788565, 0.002398030252155083, 0.0011937382756416306,
    0.0]
  rows: 5
distortion_model: ''
image_height: 384
image_width: 516
projection:
  cols: 4
  data: [865.727482448658, 0.0, 273.5757995262139, 0.0, 0.0, 873.580139640985, 188.8715667416139,
    0.0, 0.0, 0.0, 1.0, 0.0]
  rows: 3
rectification:
  cols: 3
  data: [1.0, 0.0, 0.0, 0.0, 1.0, 0.0, 0.0, 0.0, 1.0]
  rows: 3
