camera_matrix:
  cols: 3
  data: [500.59489607822, 0.0, 516.4042540207533, 0.0, 499.81332102206136, 388.7665813820612,
    0.0, 0.0, 1.0]
  rows: 3
camera_name: narrow_stereo
distortion:
  cols: 1
  data: [-0.1812279096496067, 0.04607107025450836, -0.0001542178756956598, 0.000113660297463774,
    0.0]
  rows: 5
distortion_model: ''
image_height: 772
image_width: 1032
projection:
  cols: 4
  data: [416.0474956054923, 0.0, 516.5565892277597, 0.0, 0.0, 444.7665116004889, 389.31372811978014,
    0.0, 0.0, 0.0, 1.0, 0.0]
  rows: 3
rectification:
  cols: 3
  data: [1.0, 0.0, 0.0, 0.0, 1.0, 0.0, 0.0, 0.0, 1.0]
  rows: 3
