camera_matrix:
  cols: 3
  data: [256.6171632592466, 0.0, 254.20686709512376, 0.0, 256.8005483512853, 202.11079592497876,
    0.0, 0.0, 1.0]
  rows: 3
camera_name: narrow_stereo
distortion:
  cols: 1
  data: [-0.17375936459945707, 0.04429075295107324, 0.0002953304890795735, -0.0007205671922313163,
    0.0]
  rows: 5
distortion_model: ''
image_height: 384
image_width: 516
projection:
  cols: 4
  data: [216.18947449360775, 0.0, 252.6358999141805, 0.0, 0.0, 231.35846492958132,
    204.48138014283876, 0.0, 0.0, 0.0, 1.0, 0.0]
  rows: 3
rectification:
  cols: 3
  data: [1.0, 0.0, 0.0, 0.0, 1.0, 0.0, 0.0, 0.0, 1.0]
  rows: 3
