camera_matrix:
  cols: 3
  data: [240.54369155670608, 0.0, 252.88969946183843, 0.0, 239.8646450710015, 192.82126908941322,
    0.0, 0.0, 1.0]
  rows: 3
camera_name: narrow_stereo
distortion_coefficients:
  cols: 5
  data: [-0.17247382023858493, 0.0337991408520934, -0.00025541035853475334, 0.0008726336584030138,
    0.0]
  rows: 1
image_height: 384
image_width: 516
projection_matrix:
  cols: 4
  data: [192.37928848521636, 0.0, 252.96361468470266, 0.0, 0.0, 211.37574316791904,
    192.99620515198416, 0.0, 0.0, 0.0, 1.0, 0.0]
  rows: 3
rectification_matrix:
  cols: 3
  data: [1.0, 0.0, 0.0, 0.0, 1.0, 0.0, 0.0, 0.0, 1.0]
  rows: 3
