camera_matrix:
  cols: 3
  data: [844.0812864797691, 0.0, 262.45914777660386, 0.0, 844.3092708636023, 154.84484107963937,
    0.0, 0.0, 1.0]
  rows: 3
camera_name: narrow_stereo
distortion:
  cols: 1
  data: [-0.23904149526011043, 0.12591696694059518, -0.0037718384438841885, -0.0027967868125193893,
    0.0]
  rows: 5
distortion_model: ''
image_height: 384
image_width: 516
projection:
  cols: 4
  data: [825.5724250581724, 0.0, 261.9602282513242, 0.0, 0.0, 831.9160501240332, 153.47386316887494,
    0.0, 0.0, 0.0, 1.0, 0.0]
  rows: 3
rectification:
  cols: 3
  data: [1.0, 0.0, 0.0, 0.0, 1.0, 0.0, 0.0, 0.0, 1.0]
  rows: 3
