camera_matrix:
  cols: 3
  data: [493.9646403892403, 0.0, 506.55545637588705, 0.0, 495.87269579968245, 381.69452880277095,
    0.0, 0.0, 1.0]
  rows: 3
camera_name: narrow_stereo
distortion_coefficients:
  cols: 5
  data: [-0.1766154253089542, 0.040467145942627424, 0.00041251446927646003, -0.001827589963278453,
    0.0]
  rows: 1
image_height: 772
image_width: 1032
projection_matrix:
  cols: 4
  data: [404.9930187514673, 0.0, 499.2718672479545, 0.0, 0.0, 440.5187671265192, 381.3432322719718,
    0.0, 0.0, 0.0, 1.0, 0.0]
  rows: 3
rectification_matrix:
  cols: 3
  data: [1.0, 0.0, 0.0, 0.0, 1.0, 0.0, 0.0, 0.0, 1.0]
  rows: 3
