camera_matrix:
  cols: 3
  data: [254.76779529424223, 0.0, 257.2867964295393, 0.0, 254.55606003520188, 192.50929436180692,
    0.0, 0.0, 1.0]
  rows: 3
camera_name: narrow_stereo
distortion:
  cols: 1
  data: [-0.1808392852541922, 0.04925437919865463, -3.5806858130608506e-05, -0.00012274676120205535,
    0.0]
  rows: 5
distortion_model: ''
image_height: 384
image_width: 516
projection:
  cols: 4
  data: [214.59991969992146, 0.0, 257.1745250846691, 0.0, 0.0, 228.3916815432913,
    192.69977992501657, 0.0, 0.0, 0.0, 1.0, 0.0]
  rows: 3
rectification:
  cols: 3
  data: [1.0, 0.0, 0.0, 0.0, 1.0, 0.0, 0.0, 0.0, 1.0]
  rows: 3
