camera_matrix:
  cols: 3
  data: [245.230860597996, 0.0, 253.7473738393468, 0.0, 245.80866486748675, 190.31832547368182,
    0.0, 0.0, 1.0]
  rows: 3
camera_name: narrow_stereo
distortion_coefficients:
  cols: 5
  data: [-0.1824880690540489, 0.04513293600345259, 0.00017569086140492715, -0.0004775464735943286,
    0.0]
  rows: 1
image_height: 384
image_width: 516
projection_matrix:
  cols: 4
  data: [202.73575002177077, 0.0, 253.6966610836982, 0.0, 0.0, 217.7424094483573,
    190.15379750126996, 0.0, 0.0, 0.0, 1.0, 0.0]
  rows: 3
rectification_matrix:
  cols: 3
  data: [1.0, 0.0, 0.0, 0.0, 1.0, 0.0, 0.0, 0.0, 1.0]
  rows: 3
