camera_matrix:
  cols: 3
  data: [874.9063570580302, 0.0, 251.2557579413245, 0.0, 873.9515194566943, 189.08064333258437,
    0.0, 0.0, 1.0]
  rows: 3
camera_name: narrow_stereo
distortion:
  cols: 1
  data: [-0.26215974682537396, 0.47151184682535635, -0.0010168813144265099, -0.0014191261886042617,
    0.0]
  rows: 5
distortion_model: ''
image_height: 384
image_width: 516
projection:
  cols: 4
  data: [857.4921022966133, 0.0, 250.6986446399015, 0.0, 0.0, 863.6340642360639, 188.89358212704937,
    0.0, 0.0, 0.0, 1.0, 0.0]
  rows: 3
rectification:
  cols: 3
  data: [1.0, 0.0, 0.0, 0.0, 1.0, 0.0, 0.0, 0.0, 1.0]
  rows: 3
