camera_matrix:
  cols: 3
  data: [501.8919659224671, 0.0, 516.9470351573208, 0.0, 502.1856795556178, 383.7160769487335,
    0.0, 0.0, 1.0]
  rows: 3
camera_name: narrow_stereo
distortion_coefficients:
  cols: 5
  data: [-0.1699155873143733, 0.040758723059714716, 6.395693479362049e-05, -0.0009113386591446782,
    0.0]
  rows: 1
image_height: 772
image_width: 1032
projection_matrix:
  cols: 4
  data: [419.82228136561645, 0.0, 514.7547366214695, 0.0, 0.0, 450.7266408967586,
    383.41122774914845, 0.0, 0.0, 0.0, 1.0, 0.0]
  rows: 3
rectification_matrix:
  cols: 3
  data: [1.0, 0.0, 0.0, 0.0, 1.0, 0.0, 0.0, 0.0, 1.0]
  rows: 3
