camera_matrix:
  cols: 3
  data: [876.8645493809748, 0.0, 252.5077287711781, 0.0, 876.6635394918036, 172.42763346082322,
    0.0, 0.0, 1.0]
  rows: 3
camera_name: narrow_stereo
distortion:
  cols: 1
  data: [-0.19336895187696282, -0.3793604640507227, -0.004991398914292879, 0.0023473291111900736,
    0.0]
  rows: 5
distortion_model: ''
image_height: 384
image_width: 512
projection:
  cols: 4
  data: [857.5911865234375, 0.0, 252.41772831770504, 0.0, 0.0, 864.2864379882812,
    170.8753091181743, 0.0, 0.0, 0.0, 1.0, 0.0]
  rows: 3
rectification:
  cols: 3
  data: [1.0, 0.0, 0.0, 0.0, 1.0, 0.0, 0.0, 0.0, 1.0]
  rows: 3
