camera_matrix:
  cols: 3
  data: [251.57989827436236, 0.0, 256.57331084742583, 0.0, 251.8843113919142, 190.68719839627943,
    0.0, 0.0, 1.0]
  rows: 3
camera_name: narrow_stereo
distortion:
  cols: 1
  data: [-0.1721111349288009, 0.039528913164882495, -0.00014858599048488475, 7.529389267181593e-05,
    0.0]
  rows: 5
distortion_model: ''
image_height: 384
image_width: 516
projection:
  cols: 4
  data: [208.72451270649938, 0.0, 256.46200847242807, 0.0, 0.0, 225.8673075181415,
    190.4041887659369, 0.0, 0.0, 0.0, 1.0, 0.0]
  rows: 3
rectification:
  cols: 3
  data: [1.0, 0.0, 0.0, 0.0, 1.0, 0.0, 0.0, 0.0, 1.0]
  rows: 3
