camera_matrix:
  cols: 3
  data: [251.80445125141267, 0.0, 256.0550266929278, 0.0, 251.40428898294056, 197.7438804593692,
    0.0, 0.0, 1.0]
  rows: 3
camera_name: narrow_stereo
distortion:
  cols: 1
  data: [-0.16571939024056934, 0.038102156417323146, 0.00026914992959363064, -0.0002793527152413917,
    0.0]
  rows: 5
distortion_model: ''
image_height: 384
image_width: 516
projection:
  cols: 4
  data: [210.91007380098821, 0.0, 255.340288360477, 0.0, 0.0, 226.42528688497688,
    199.25441214250293, 0.0, 0.0, 0.0, 1.0, 0.0]
  rows: 3
rectification:
  cols: 3
  data: [1.0, 0.0, 0.0, 0.0, 1.0, 0.0, 0.0, 0.0, 1.0]
  rows: 3
