camera_matrix:
  cols: 3
  data: [1760.4870529578443, 0.0, 504.4480064158375, 0.0, 1767.3618780498414, 271.32842179336274,
    0.0, 0.0, 1.0]
  rows: 3
camera_name: narrow_stereo
distortion:
  cols: 1
  data: [-0.23442311848077488, -0.14933387864660763, -0.01323654876952392, -0.005544696454562556,
    0.0]
  rows: 5
distortion_model: ''
image_height: 772
image_width: 1032
projection:
  cols: 4
  data: [1720.1759033203125, 0.0, 500.599398510858, 0.0, 0.0, 1727.237060546875, 265.02593956858254,
    0.0, 0.0, 0.0, 1.0, 0.0]
  rows: 3
rectification:
  cols: 3
  data: [1.0, 0.0, 0.0, 0.0, 1.0, 0.0, 0.0, 0.0, 1.0]
  rows: 3
