camera_matrix:
  cols: 3
  data: [493.9573761039707, 0.0, 517.5669208422318, 0.0, 493.39913655467205, 384.5477507228477,
    0.0, 0.0, 1.0]
  rows: 3
camera_name: narrow_stereo
distortion_coefficients:
  cols: 5
  data: [-0.16268476521878636, 0.034303177764816645, -0.0001758458816946821, 0.00015309677939041294,
    0.0]
  rows: 1
distortion_model: ''
image_height: 772
image_width: 1032
projection_matrix:
  cols: 4
  data: [409.1050837061851, 0.0, 518.5571473520047, 0.0, 0.0, 442.16904058981896,
    384.0850092369654, 0.0, 0.0, 0.0, 1.0, 0.0]
  rows: 3
rectification_matrix:
  cols: 3
  data: [1.0, 0.0, 0.0, 0.0, 1.0, 0.0, 0.0, 0.0, 1.0]
  rows: 3
