camera_matrix:
  cols: 3
  data: [498.8295417877496, 0.0, 521.4446300102545, 0.0, 501.4297241594603, 380.5274353741521,
    0.0, 0.0, 1.0]
  rows: 3
camera_name: narrow_stereo
distortion:
  cols: 1
  data: [-0.1779632017186983, 0.039474098555288245, 0.00031777667134099476, 0.0016529664419426956,
    0.0]
  rows: 5
distortion_model: ''
image_height: 772
image_width: 1032
projection:
  cols: 4
  data: [407.0178819295027, 0.0, 527.9025011629717, 0.0, 0.0, 445.72058197957847,
    379.73146733136645, 0.0, 0.0, 0.0, 1.0, 0.0]
  rows: 3
rectification:
  cols: 3
  data: [1.0, 0.0, 0.0, 0.0, 1.0, 0.0, 0.0, 0.0, 1.0]
  rows: 3
