camera_matrix:
  cols: 3
  data: [496.9976995666916, 0.0, 511.9627844991051, 0.0, 496.97296574008914, 385.93821575695114,
    0.0, 0.0, 1.0]
  rows: 3
camera_name: narrow_stereo
distortion_coefficients:
  cols: 5
  data: [-0.17596927639665733, 0.04633177324093356, 0.00022326230871013577, -0.0017715857769263004,
    0.0]
  rows: 1
image_height: 772
image_width: 1032
projection_matrix:
  cols: 4
  data: [418.9598965274166, 0.0, 508.42194141816793, 0.0, 0.0, 444.1423557738548,
    386.33883033143684, 0.0, 0.0, 0.0, 1.0, 0.0]
  rows: 3
rectification_matrix:
  cols: 3
  data: [1.0, 0.0, 0.0, 0.0, 1.0, 0.0, 0.0, 0.0, 1.0]
  rows: 3
