camera_matrix:
  cols: 3
  data: [491.331107883326, 0.0, 515.3434363622374, 0.0, 492.14998153326013, 388.93983736974667,
    0.0, 0.0, 1.0]
  rows: 3
camera_name: narrow_stereo
distortion_coefficients:
  cols: 5
  data: [-0.17351231738659792, 0.041198014750453794, 0.0001161732754962265, 5.6722871890938046e-05,
    0.0]
  rows: 1
image_height: 772
image_width: 1032
projection_matrix:
  cols: 4
  data: [406.60384878321764, 0.0, 515.4733930033287, 0.0, 0.0, 438.20158428600865,
    389.9136430911144, 0.0, 0.0, 0.0, 1.0, 0.0]
  rows: 3
rectification_matrix:
  cols: 3
  data: [1.0, 0.0, 0.0, 0.0, 1.0, 0.0, 0.0, 0.0, 1.0]
  rows: 3
