camera_matrix:
  cols: 3
  data: [846.4389600674393, 0.0, 247.8017695299048, 0.0, 845.8512199618654, 204.85177515467205,
    0.0, 0.0, 1.0]
  rows: 3
camera_name: narrow_stereo
distortion:
  cols: 1
  data: [-0.28444944112687937, 0.3433289456024514, 0.0037852525441066237, -0.0022708191144225672,
    0.0]
  rows: 5
distortion_model: ''
image_height: 384
image_width: 516
projection:
  cols: 4
  data: [825.4889980661734, 0.0, 246.7759161571693, 0.0, 0.0, 833.3889990545897, 205.73278378310133,
    0.0, 0.0, 0.0, 1.0, 0.0]
  rows: 3
rectification:
  cols: 3
  data: [1.0, 0.0, 0.0, 0.0, 1.0, 0.0, 0.0, 0.0, 1.0]
  rows: 3
