camera_matrix:
  cols: 3
  data: [499.1803460298878, 0.0, 521.295408007534, 0.0, 500.67432482241367, 387.9849446496242,
    0.0, 0.0, 1.0]
  rows: 3
camera_name: narrow_stereo
distortion_coefficients:
  cols: 5
  data: [-0.17964162863427077, 0.043604000941949, 0.0008689582665114457, 0.002216396162342498,
    0.0]
  rows: 1
image_height: 772
image_width: 1032
projection_matrix:
  cols: 4
  data: [412.3607474577181, 0.0, 528.1927722642016, 0.0, 0.0, 445.49712433316995,
    389.78495177702325, 0.0, 0.0, 0.0, 1.0, 0.0]
  rows: 3
rectification_matrix:
  cols: 3
  data: [1.0, 0.0, 0.0, 0.0, 1.0, 0.0, 0.0, 0.0, 1.0]
  rows: 3
