camera_matrix:
  cols: 3
  data: [486.17451595827026, 0.0, 517.8874501035032, 0.0, 488.79324945746293, 388.8512433737129,
    0.0, 0.0, 1.0]
  rows: 3
camera_name: narrow_stereo
distortion:
  cols: 1
  data: [-0.18042893857314954, 0.04369829515692299, -0.0011186804532720932, -0.0012545075809602595,
    0.0]
  rows: 5
distortion_model: ''
image_height: 772
image_width: 1032
projection:
  cols: 4
  data: [401.93608471455633, 0.0, 514.6423719263778, 0.0, 0.0, 432.17746355784215,
    388.0582243515975, 0.0, 0.0, 0.0, 1.0, 0.0]
  rows: 3
rectification:
  cols: 3
  data: [1.0, 0.0, 0.0, 0.0, 1.0, 0.0, 0.0, 0.0, 1.0]
  rows: 3
