camera_matrix:
  cols: 3
  data: [1674.440539619125, 0.0, 528.2185834806709, 0.0, 1674.6934806842528, 386.50895725336716,
    0.0, 0.0, 1.0]
  rows: 3
camera_name: narrow_stereo
distortion:
  cols: 1
  data: [-0.21026329943094227, 0.15161313842620036, -0.002010000325718003, -0.00010135353313082485,
    0.0]
  rows: 5
distortion_model: ''
image_height: 772
image_width: 1032
projection:
  cols: 4
  data: [1640.521728515625, 0.0, 528.1143225260967, 0.0, 0.0, 1654.1566162109375,
    385.45947493153653, 0.0, 0.0, 0.0, 1.0, 0.0]
  rows: 3
rectification:
  cols: 3
  data: [1.0, 0.0, 0.0, 0.0, 1.0, 0.0, 0.0, 0.0, 1.0]
  rows: 3
