camera_matrix:
  cols: 3
  data: [250.13778376355697, 0.0, 258.63306327310397, 0.0, 249.96296955431205, 200.248659016638,
    0.0, 0.0, 1.0]
  rows: 3
camera_name: narrow_stereo
distortion:
  cols: 1
  data: [-0.18321923291892833, 0.04487936425974823, 0.0006880612782932431, -0.0005324915551178521,
    0.0]
  rows: 5
distortion_model: ''
image_height: 384
image_width: 516
projection:
  cols: 4
  data: [205.89001368424903, 0.0, 258.10735920929153, 0.0, 0.0, 221.8882218649708,
    202.8294747171118, 0.0, 0.0, 0.0, 1.0, 0.0]
  rows: 3
rectification:
  cols: 3
  data: [1.0, 0.0, 0.0, 0.0, 1.0, 0.0, 0.0, 0.0, 1.0]
  rows: 3
